4.8213438428651586e-04 -1.7340161002452845e-04
-1.2363517783641701e-03 -1.5164828038137857e-05
-4.9019537675282525e-05 -1.3052124863859595e-03
-7.1215119630840487e-05 5.4135839413243427e-06
1.5289868730442413e-05 -7.8906883102010348e-05
-1.3615664584843701e-05 1.0817440709424768e-05
4.2088163206538786e-05 1.9352585395556782e-06
6.8860495487081267e-06 6.4692216822759762e-05
7.2485595214105849e-05 4.3900794736405832e-06
6.3881387416811734e-06 4.9459815648057716e-05
-2.8043653200532292e-07 3.7151777069208531e-07
1.3961729552625952e-06 5.2759215623861793e-07
2.8414605942965779e-07 -6.6758774180279916e-07
-4.2375935198129615e-07 -1.8560394172659693e-07
1.9296500640508504e-07 7.1609223719661415e-07
9.3728144420530579e-07 -2.3615388299347172e-07
-5.7363244977328885e-07 2.1276521776005469e-07
-1.4923719022556339e-07 -7.4014858320861909e-08
1.3442922728082231e-07 -4.7415196329551939e-07
-7.4096296476911205e-07 -1.8394098603403470e-07
-3.0914829792779230e-07 7.7618874997654559e-07
